l 0,995 0,99 0,98 0,975 0,97 0,96 0,95 0,94 0,93 0,92 0,91 0,9 0,8 0,7 0,6 0,5 0,4 0,3 0,25 0,2 0,15 0,1 0,09 0,08 0,07 0,06 0,05 0,04 0,03 0,025 0,02 0,01 0,005
1 0,00 0,00 0,00 0,00 0,00 0,00 0,00 0,01 0,01 0,01 0,01 0,02 0,06 0,15 0,27 0,45 0,71 1,07 1,32 1,64 2,07 2,71 2,87 3,06 3,28 3,54 3,84 4,22 4,71 5,02 5,41 6,63 7,88
2 0,01 0,02 0,04 0,05 0,06 0,08 0,10 0,12 0,15 0,17 0,19 0,21 0,45 0,71 1,02 1,39 1,83 2,41 2,77 3,22 3,79 4,61 4,82 5,05 5,32 5,63 5,99 6,44 7,01 7,38 7,82 9,21 10,60
3 0,07 0,11 0,18 0,22 0,25 0,30 0,35 0,40 0,45 0,49 0,54 0,58 1,01 1,42 1,87 2,37 2,95 3,66 4,11 4,64 5,32 6,25 6,49 6,76 7,06 7,41 7,81 8,31 8,95 9,35 9,84 11,34 12,84
4 0,21 0,30 0,43 0,48 0,54 0,63 0,71 0,79 0,86 0,93 1,00 1,06 1,65 2,19 2,75 3,36 4,04 4,88 5,39 5,99 6,74 7,78 8,04 8,34 8,67 9,04 9,49 10,03 10,71 11,14 11,67 13,28 14,86
5 0,41 0,55 0,75 0,83 0,90 1,03 1,15 1,25 1,35 1,44 1,53 1,61 2,34 3,00 3,66 4,35 6,21 7,23 7,84 8,56 9,45 10,64 10,95 11,28 11,66 12,09 12,59 13,20 13,97 14,45 15,03 16,81 18,55
6 0,68 0,87 1,13 1,24 1,33 1,49 1,64 1,76 1,88 2,00 2,10 2,20 3,07 3,83 4,57 5,35 6,21 7,23 7,84 8,56 9,45 10,64 10,95 11,28 11,66 12,09 12,59 13,20 13,97 14,45 15,03 16,81 18,55
7 0,99 1,24 1,56 1,69 1,80 2,00 2,17 2,32 2,46 2,59 2,72 2,83 3,82 4,67 5,49 6,35 7,28 8,38 9,04 9,80 10,75 12,02 12,34 12,69 13,09 13,54 14,07 14,70 15,51 16,01 16,62 18,48 20,28
8 1,34 1,65 2,03 2,18 2,31 2,54 2,73 2,91 3,07 3,22 3,36 3,49 4,59 5,53 6,42 7,34 8,35 9,52 10,22 11,03 12,03 13,36 13,70 14,07 14,48 14,96 15,51 16,17 17,01 17,53 18,17 20,09 21,95
9 1,73 2,09 2,53 2,70 2,85 3,10 3,33 3,52 3,70 3,87 4,02 4,17 5,38 6,39 7,36 8,34 9,41 10,66 11,39 12,24 13,29 14,68 15,03 15,42 15,85 16,35 16,92 17,61 18,48 19,02 19,68 21,67 23,59
10 2,16 2,56 3,06 3,25 3,41 3,70 3,94 4,16 4,35 4,54 4,70 4,87 6,18 7,27 8,30 9,34 10,47 11,78 12,55 13,44 14,53 15,99 16,35 16,75 17,20 17,71 18,31 19,02 19,92 20,48 21,16 23,21 25,19
11 2,60 3,05 3,61 3,82 4,00 4,31 4,57 4,81 5,02 5,22 5,40 5,58 6,99 8,15 9,24 10,34 11 11,53 12,90 13,70 14,63 15,77 17,28 17,65 18,07 18,53 19,06 19,68 20,41 21,34 21,92 22,62 24,72 26,76
12 3,07 3,57 4,18 4,40 4,60 4,94 5,23 5,48 5,71 5,92 6,12 6,30 7,81 9,03 10,18 11,34 12,58 14,01 14,85 15,81 16,99 18,55 18,94 19,37 19,85 20,39 21,03 21,79 22,74 23,34 24,05 26,22 28,30
13 3,57 4,11 4,77 5,01 5,22 5,58 5,89 6,16 6,41 6,63 6,84 7,04 8,63 9,93 11,13 12,34 13,64 15,12 15,98 16,98 18,20 19,81 20,21 20,66 21,15 21,71 22,36 23,14 24,12 24,74 25,47 27,69 29,82
14 4,07 4,66 5,37 5,63 5,86 6,24 6,57 6,86 7,12 7,36 7,58 7,79 9,47 10,82 12,08 13,34 14,69 16,22 17,12 18,15 19,41 21,06 21,48 21,93 22,44 23,02 23,68 24,49 25,49 26,12 26,87 29,14 31,32
15 4,60 5,23 5,98 6,26 6,50 6,91 7,26 7,57 7,84 8,09 8,33 8,55 10,31 11,72 13,03 14,34 15,73 17,32 18,25 19,31 20,60 22,31 22,73 23,20 23,72 24,31 25,00 25,82 26,85 27,49 28,26 30,58 32,80
16 5,14 5,81 6,61 6,91 7,16 7,60 7,96 8,28 8,57 8,84 9,08 9,31 11,15 12,62 13,98 15,34 16,78 18,42 19,37 20,47 21,79 23,54 23,98 24,46 24,99 25,59 26,30 27,14 28,19 28,85 29,63 32,00 34,27
17 5,70 6,41 7,26 7,56 7,83 8,29 8,67 9,01 9,31 9,59 9,84 10,09 12,00 13,53 14,94 16,34 17,82 19,51 20,49 21,61 22,98 24,77 25,21 25,71 26,25 26,87 27,59 28,44 29,52 30,19 31,00 33,41 35,72
18 6,26 7,01 7,91 8,23 8,51 8,99 9,39 9,74 10,06 10,35 10,61 10,86 12,86 14,44 15,89 17,34 18,87 20,60 21,60 22,76 24,16 25,99 26,45 26,95 27,50 28,14 28,87 29,75 30,84 31,53 32,35 34,81 37,16
19 6,84 7,63 8,57 8,91 9,20 9,70 10,12 10,48 10,81 11,11 11,39 11,65 13,72 15,35 16,85 18,34 19,91 21,69 22,72 23,90 25,33 27,20 27,67 28,18 28,75 29,40 30,14 31,04 32,16 32,85 33,69 36,19 38,58
20 7,43 8,26 9,24 9,59 9,90 10,42 10,85 11,23 11,57 11,88 12,17 12,44 14,58 16,27 17,81 19,34 20,95 22,77 23,83 25,04 26,50 28,41 28,89 29,41 29,99 30,65 31,41 32,32 33,46 34,17 35,02 37,57 40,00
